-1.518249139189720154e-02
-1.302690654993057251e-01
2.810918688774108887e-01
-4.060441255569458008e-01
-5.116254687309265137e-01
-9.802935272455215454e-02
-2.813243567943572998e-01
-9.334620088338851929e-02
6.167151331901550293e-01
3.676390051841735840e-01
3.551708906888961792e-02
-1.213603094220161438e-01
-1.322683095932006836e-01
-5.565548539161682129e-01
-1.272286567836999893e-02
-5.397098660469055176e-01
5.936537384986877441e-01
3.059814870357513428e-01
-2.918917834758758545e-01
2.493129819631576538e-01
-2.340290844440460205e-01
9.650571644306182861e-02
-1.616083830595016479e-01
3.414479792118072510e-01
-5.195293426513671875e-01
-5.429950356483459473e-01
2.617285251617431641e-01
-1.238384619355201721e-01
7.597664594650268555e-01
5.772632956504821777e-01
1.059791743755340576e-01
-3.608065843582153320e-01
5.284579992294311523e-01
5.375768542289733887e-01
6.049143671989440918e-01
-3.557031452655792236e-01
3.318312168121337891e-01
3.978185057640075684e-01
4.028195738792419434e-01
-5.919561386108398438e-01
2.308007031679153442e-01
-2.129149809479713440e-02
-1.680404245853424072e-01
-6.658349037170410156e-01
4.267464876174926758e-01
5.577602982521057129e-01
6.515471935272216797e-01
5.682932212948799133e-02
3.756126761436462402e-01
-5.994088649749755859e-01
-1.841569095849990845e-01
5.253507494926452637e-01
7.709720730781555176e-01
1.652124822139739990e-01
-6.997193694114685059e-01
-6.919242739677429199e-01
5.620814561843872070e-01
-4.284927248954772949e-01
2.477241456508636475e-01
-4.398925304412841797e-01
-3.658799529075622559e-01
-3.637336790561676025e-01
-4.200977385044097900e-01
7.099896669387817383e-03
-1.416792273521423340e-01
-2.289800643920898438e-01
-5.946667790412902832e-01
4.070544540882110596e-01
-5.097792297601699829e-02
3.921417891979217529e-01
4.538460075855255127e-01
-1.441085934638977051e-01
-5.663838386535644531e-01
3.489819467067718506e-01
-5.950879454612731934e-01
5.986789464950561523e-01
-2.628176808357238770e-01
-4.583041071891784668e-01
-4.438627958297729492e-01
-1.677071005105972290e-01
-7.333009243011474609e-01
2.952147424221038818e-01
-1.530726701021194458e-01
3.703818917274475098e-01
5.791721343994140625e-01
6.486004590988159180e-01
2.092817723751068115e-01
6.702458262443542480e-01
-3.333422243595123291e-01
2.202508598566055298e-02
1.550410240888595581e-01
2.062348648905754089e-02
-2.770750224590301514e-01
4.916675984859466553e-01
-1.005709916353225708e-01
2.813613116741180420e-01
5.630981922149658203e-01
-1.312218327075242996e-02
6.689019799232482910e-01
-5.604366958141326904e-02
