-3.856496140360832214e-02
-5.288106575608253479e-02
-3.378181532025337219e-02
4.028427973389625549e-02
-3.989406302571296692e-02
-2.036136202514171600e-02
-3.183464333415031433e-02
2.911166846752166748e-02
-4.008938744664192200e-02
-1.720100641250610352e-02
-1.173933595418930054e-02
-1.516863256692886353e-01
-2.873627841472625732e-02
-7.002175599336624146e-02
-7.786180078983306885e-02
-9.592644125223159790e-02
-1.676228479482233524e-03
-6.155510991811752319e-02
-3.860473632812500000e-02
-7.652874290943145752e-02
3.707129508256912231e-02
-2.617921307682991028e-02
-2.047834359109401703e-02
-2.907199412584304810e-02
1.194673497229814529e-02
8.808722347021102905e-02
-5.953234806656837463e-02
6.135173887014389038e-02
-1.362824346870183945e-02
6.579167675226926804e-03
1.459920257329940796e-01
-3.173654899001121521e-02
2.064304985105991364e-02
1.240119896829128265e-02
-4.249418154358863831e-02
2.121140132658183575e-04
-3.634094819426536560e-02
-3.097730688750743866e-02
-4.560383781790733337e-02
3.879084810614585876e-02
-4.591513425111770630e-02
-4.085734859108924866e-02
3.291251137852668762e-02
-5.496933311223983765e-02
-9.401891380548477173e-03
-4.547442123293876648e-02
-1.193694844841957092e-01
-4.856222867965698242e-02
6.017670966684818268e-04
-1.194267813116312027e-02
9.856887906789779663e-02
-2.183660119771957397e-02
-7.319959253072738647e-02
-1.230310648679733276e-02
-3.994689136743545532e-02
-1.263078451156616211e-01
-7.607179135084152222e-02
-1.029791384935379028e-01
-6.870968639850616455e-02
-3.198034316301345825e-02
1.058478504419326782e-01
3.175851702690124512e-02
1.751797646284103394e-02
-3.645121678709983826e-02
2.942635491490364075e-02
-4.232900217175483704e-02
-4.240668192505836487e-02
-1.128022745251655579e-02
7.131217420101165771e-02
-4.939980059862136841e-02
-5.441337823867797852e-02
-4.399810731410980225e-02
-3.891254216432571411e-02
4.083235934376716614e-02
-7.433450967073440552e-02
5.629013851284980774e-02
-7.733022421598434448e-02
-6.637722998857498169e-02
-1.211321330629289150e-03
-9.185168892145156860e-02
-3.401559591293334961e-02
-3.170810267329216003e-02
-7.000608742237091064e-02
-1.083947159349918365e-02
-2.720627700909972191e-03
-4.364387318491935730e-02
-6.160659343004226685e-02
-7.495756261050701141e-03
-2.718635462224483490e-02
-5.004864186048507690e-02
-1.321903765201568604e-01
-2.859469689428806305e-02
4.441411793231964111e-02
-3.028189018368721008e-02
-9.095916524529457092e-03
-4.559583589434623718e-02
2.895696647465229034e-02
-2.529935538768768311e-02
-4.370580613613128662e-02
3.162755072116851807e-02
