-8.709074556827545166e-02
-2.471648752689361572e-01
2.653457820415496826e-01
-5.404613167047500610e-02
-1.984131336212158203e-02
-3.307374939322471619e-02
-2.292953431606292725e-02
-7.157502695918083191e-03
-1.252265125513076782e-01
-3.652170533314347267e-03
-4.085012152791023254e-02
-1.399651616811752319e-01
-2.292171418666839600e-01
-1.693233400583267212e-01
2.661236003041267395e-02
-1.114418804645538330e-01
-4.510331526398658752e-02
-7.247532904148101807e-02
-1.252432763576507568e-01
-3.090078942477703094e-02
-1.647793054580688477e-01
-1.504449099302291870e-01
-7.577997446060180664e-02
7.417983561754226685e-02
-2.114308476448059082e-01
-3.247671201825141907e-02
-1.174987405538558960e-01
-1.071093678474426270e-01
-6.808961182832717896e-02
3.340156376361846924e-02
-1.358144730329513550e-01
-9.939858317375183105e-02
-1.434117406606674194e-01
-5.268163233995437622e-02
-8.463026583194732666e-02
-9.009248763322830200e-02
-1.104336380958557129e-01
-1.375180184841156006e-01
-1.364392638206481934e-01
-1.454710513353347778e-01
1.872208863496780396e-01
-1.858477480709552765e-02
4.160461947321891785e-02
-2.537469267845153809e-01
-1.296236664056777954e-01
-8.377603441476821899e-02
-5.300355702638626099e-02
-7.372228801250457764e-02
-1.730773784220218658e-02
-8.724168688058853149e-02
2.781941592693328857e-01
2.314067333936691284e-01
-1.495599001646041870e-02
-6.337335705757141113e-02
-5.423057824373245239e-02
-6.635834276676177979e-02
-1.392276436090469360e-01
-9.641741216182708740e-02
7.522482424974441528e-02
-1.036037057638168335e-01
-2.874946221709251404e-02
-1.581469364464282990e-02
9.834769181907176971e-03
-1.550821810960769653e-01
4.944155514240264893e-01
-5.789631977677345276e-02
-1.350156962871551514e-01
-6.739154458045959473e-02
2.013088762760162354e-02
-6.947693228721618652e-02
-2.520515769720077515e-02
-1.136198267340660095e-01
-1.323091983795166016e-01
-1.600432558916509151e-03
-1.239035651087760925e-02
-1.115524098277091980e-01
-1.560332179069519043e-01
-8.881123363971710205e-02
1.157354488968849182e-01
-8.728911727666854858e-02
1.296178102493286133e-01
-1.373972147703170776e-01
5.414764210581779480e-02
-1.206690222024917603e-01
-6.339006870985031128e-02
-3.047963418066501617e-02
-7.496310770511627197e-02
-3.609750047326087952e-02
-1.256947685033082962e-02
4.396159946918487549e-02
-2.164728939533233643e-02
-5.777759477496147156e-02
-1.609845906496047974e-01
-1.675273291766643524e-02
-6.016940250992774963e-02
-7.840459048748016357e-02
2.345900386571884155e-01
3.329525887966156006e-02
1.673994213342666626e-02
7.791276276111602783e-02
